140390428102656 140390428110848
140390391853056 140390391861248
140390391853056 140390391861248
140390391779328 140390391787520
140390391779328 140390391787520
140390391709696 140390391717888
140390391709696 140390391717888
140391039422464 140391039430656
140391039422464 140391039430656
140390985928704 140390985936896
140390985928704 140390985936896
140390774210560 140390774235136
140390774210560 140390774235136
140390762323968 140390762332160
140390762323968 140390762332160
140390613884928 140390613893120
140390613884928 140390613893120
140390532517888 140390532534272
140390532517888 140390532534272
140390801289216 140390801313792
140390801289216 140390801313792
140390773624832 140390773633024
140390773624832 140390773633024
140390740570112 140390740586496
140390740570112 140390740586496
140390740373504 140390740381696
140390740373504 140390740381696
140390440206336 140390440214528
140390440206336 140390440214528
140390427979776 140390427987968
140390427979776 140390427987968
140390914326528 140390914334720
140390914326528 140390914334720
140390914240512 140390914248704
140390914240512 140390914248704
140390746726400 140390746734592
140390746726400 140390746734592
140390600978432 140390600986624
140390600978432 140390600986624
140390576009216 140390576017408
140390576009216 140390576017408
140390531321856 140390531330048
140390531321856 140390531330048
140390519468032 140390519476224
140390519468032 140390519476224
140390505017344 140390505025536
140390505017344 140390505025536
140390440747008 140390440755200
140390440747008 140390440755200
140390914134016 140390914142208
140390914134016 140390914142208
140390801612800 140390801620992
140390801612800 140390801620992
140390773678080 140390773686272
140390773678080 140390773686272
140390562299904 140390562316288
140390562299904 140390562316288
140390532423680 140390532431872
140390532423680 140390532431872
140390468612096 140390468620288
140390468612096 140390468620288
140390440189952 140390440206336
140390440189952 140390440206336
140390984728576 140390984736768
140390984728576 140390984736768
140390800920576 140390800936960
140390800920576 140390800936960
140390766657536 140390766665728
140390766657536 140390766665728
140390762487808 140390762496000
140390762487808 140390762496000
140390532608000 140390532616192
140390532608000 140390532616192
140390440505344 140390440513536
140390440505344 140390440513536
140390440361984 140390440370176
140390440361984 140390440370176
140390391681024 140390391689216
140390391681024 140390391689216
140390985342976 140390985367552
140390985342976 140390985367552
140390984491008 140390984515584
140390984491008 140390984515584
140390440513536 140390440521728
140390440513536 140390440521728
140390391603200 140390391611392
140390391603200 140390391611392
140390391590912 140390391599104
140390391590912 140390391599104
140390984716288 140390984724480
140390984716288 140390984724480
140390600708096 140390600716288
140390600708096 140390600716288
140390576074752 140390576082944
140390576074752 140390576082944
140390519029760 140390519037952
140390519029760 140390519037952
140390504988672 140390504996864
140390504988672 140390504996864
140390440857600 140390440865792
140390440857600 140390440865792
140390440263680 140390440288256
140390440263680 140390440288256

