TLB:    5994317    6531107    6341003    6473226    5808371    5992811    6672848    6186246   TLB shootdowns
TLB:    5994317    6531107    6341003    6473226    5808371    5992811    6672848    6186246   TLB shootdowns
TLB:    5994319    6531112    6341005    6473231    5808374    5992814    6672854    6186247   TLB shootdowns
TLB:    5994319    6531112    6341005    6473231    5808374    5992814    6672854    6186247   TLB shootdowns
TLB:    5994319    6531112    6341005    6473231    5808374    5992814    6672854    6186247   TLB shootdowns
TLB:    5994319    6531112    6341005    6473231    5808374    5992814    6672854    6186247   TLB shootdowns
TLB:    5994319    6531112    6341005    6473231    5808374    5992814    6672854    6186247   TLB shootdowns
TLB:    5994319    6531112    6341005    6473231    5808374    5992814    6672854    6186247   TLB shootdowns
TLB:    5994319    6531112    6341005    6473231    5808374    5992814    6672854    6186268   TLB shootdowns
TLB:    5994319    6531112    6341005    6473231    5808374    5992814    6672854    6186268   TLB shootdowns
TLB:    5994319    6531112    6341005    6473231    5808374    5992814    6672854    6186268   TLB shootdowns
TLB:    5994319    6531112    6341005    6473231    5808374    5992814    6672854    6186268   TLB shootdowns
TLB:    5994319    6531112    6341010    6473231    5808400    5992814    6672854    6186268   TLB shootdowns
TLB:    5994319    6531112    6341010    6473231    5808400    5992814    6672854    6186268   TLB shootdowns
TLB:    5994319    6531112    6341010    6473231    5808400    5992814    6672854    6186268   TLB shootdowns
TLB:    5994319    6531112    6341010    6473231    5808400    5992814    6672854    6186268   TLB shootdowns
TLB:    5994319    6531112    6341010    6473231    5808400    5992814    6672854    6186268   TLB shootdowns
TLB:    5994319    6531112    6341010    6473231    5808400    5992814    6672854    6186268   TLB shootdowns
TLB:    5994319    6531112    6341010    6473231    5808400    5992814    6672854    6186268   TLB shootdowns
TLB:    5994319    6531112    6341010    6473231    5808400    5992814    6672854    6186268   TLB shootdowns
TLB:    5994319    6531112    6341010    6473231    5808400    5992814    6672854    6186268   TLB shootdowns
TLB:    5994319    6531112    6341010    6473231    5808408    5992814    6672854    6186268   TLB shootdowns
TLB:    5994319    6531112    6341010    6473231    5808408    5992814    6672854    6186268   TLB shootdowns
TLB:    5994319    6531112    6341010    6473231    5808408    5992814    6672854    6186268   TLB shootdowns
TLB:    5994319    6531112    6341010    6473231    5808408    5992814    6672854    6186268   TLB shootdowns
TLB:    5994319    6531112    6341010    6473231    5808408    5992814    6672854    6186268   TLB shootdowns
TLB:    5994319    6531112    6341010    6473231    5808408    5992814    6672854    6186268   TLB shootdowns
TLB:    5994319    6531112    6341010    6473231    5808408    5992814    6672854    6186268   TLB shootdowns
TLB:    5994319    6531112    6341010    6473231    5808408    5992814    6672854    6186268   TLB shootdowns
TLB:    5994319    6531112    6341010    6473231    5808408    5992814    6672854    6186268   TLB shootdowns
TLB:    5994319    6531112    6341010    6473231    5808408    5992814    6672854    6186268   TLB shootdowns
TLB:    5994319    6531112    6341010    6473231    5808408    5992814    6672854    6186268   TLB shootdowns
TLB:    5994319    6531112    6341010    6473231    5808408    5992814    6672854    6186268   TLB shootdowns
TLB:    5994319    6531112    6341010    6473231    5808408    5992814    6672854    6186268   TLB shootdowns
TLB:    5994319    6531112    6341010    6473231    5808408    5992814    6672854    6186268   TLB shootdowns
TLB:    5994319    6531112    6341010    6473231    5808408    5992814    6672854    6186268   TLB shootdowns
TLB:    5994319    6531112    6341010    6473231    5808408    5992814    6672854    6186268   TLB shootdowns
TLB:    5994319    6531112    6341010    6473231    5808408    5992814    6672854    6186268   TLB shootdowns
TLB:    5994319    6531112    6341010    6473231    5808408    5992814    6672854    6186268   TLB shootdowns
TLB:    5994319    6531112    6341010    6473231    5808408    5992814    6672854    6186268   TLB shootdowns
TLB:    5994319    6531112    6341010    6473231    5808408    5992814    6672854    6186268   TLB shootdowns
TLB:    5994319    6531112    6341010    6473231    5808408    5992814    6672854    6186268   TLB shootdowns
TLB:    5994319    6531112    6341010    6473231    5808408    5992814    6672854    6186268   TLB shootdowns
TLB:    5994319    6531112    6341010    6473231    5808408    5992814    6672854    6186268   TLB shootdowns
TLB:    5994319    6531112    6341010    6473231    5808408    5992814    6672854    6186268   TLB shootdowns
TLB:    5994319    6531112    6341010    6473231    5808408    5992814    6672854    6186268   TLB shootdowns
TLB:    5994319    6531112    6341010    6473231    5808408    5992814    6672854    6186268   TLB shootdowns
TLB:    5994319    6531112    6341010    6473231    5808408    5992814    6672854    6186268   TLB shootdowns
TLB:    5994319    6531112    6341010    6473231    5808408    5992814    6672854    6186268   TLB shootdowns
TLB:    5994319    6531112    6341010    6473231    5808408    5992814    6672854    6186268   TLB shootdowns
TLB:    5994319    6531112    6341010    6473231    5808408    5992814    6672854    6186268   TLB shootdowns
TLB:    5994319    6531112    6341010    6473231    5808408    5992814    6672854    6186268   TLB shootdowns
TLB:    5994319    6531112    6341010    6473231    5808408    5992814    6672854    6186268   TLB shootdowns
TLB:    5994319    6531123    6341021    6473281    5808417    5992814    6672862    6186276   TLB shootdowns
TLB:    5994319    6531123    6341033    6473281    5808417    5992814    6672862    6186276   TLB shootdowns
TLB:    5994319    6531123    6341033    6473281    5808417    5992814    6672862    6186276   TLB shootdowns
TLB:    5994319    6531123    6341033    6473281    5808417    5992814    6672862    6186276   TLB shootdowns
TLB:    5994319    6531123    6341033    6473281    5808417    5992814    6672862    6186276   TLB shootdowns
TLB:    5994319    6531123    6341033    6473281    5808417    5992814    6672862    6186276   TLB shootdowns
TLB:    5994319    6531123    6341033    6473281    5808417    5992814    6672862    6186276   TLB shootdowns
TLB:    5994319    6531123    6341033    6473281    5808417    5992814    6672862    6186276   TLB shootdowns
TLB:    5994319    6531123    6341033    6473281    5808417    5992814    6672862    6186276   TLB shootdowns
TLB:    5994319    6531123    6341033    6473281    5808417    5992814    6672862    6186276   TLB shootdowns
TLB:    5994319    6531123    6341033    6473281    5808417    5992814    6672862    6186276   TLB shootdowns
TLB:    5994319    6531123    6341033    6473281    5808417    5992814    6672862    6186276   TLB shootdowns
TLB:    5994319    6531123    6341033    6473281    5808417    5992814    6672862    6186276   TLB shootdowns
TLB:    5994319    6531123    6341033    6473281    5808417    5992814    6672862    6186276   TLB shootdowns
TLB:    5994319    6531125    6341033    6473281    5808436    5992814    6672862    6186276   TLB shootdowns
TLB:    5994319    6531125    6341033    6473281    5808436    5992814    6672862    6186276   TLB shootdowns
TLB:    5994319    6531125    6341033    6473281    5808436    5992814    6672862    6186276   TLB shootdowns
TLB:    5994319    6531125    6341033    6473281    5808436    5992814    6672862    6186276   TLB shootdowns
TLB:    5994319    6531125    6341033    6473281    5808436    5992814    6672862    6186276   TLB shootdowns
TLB:    5994319    6531125    6341033    6473281    5808436    5992814    6672862    6186276   TLB shootdowns
TLB:    5994319    6531125    6341033    6473281    5808436    5992814    6672862    6186276   TLB shootdowns
TLB:    5994319    6531125    6341033    6473281    5808436    5992814    6672862    6186276   TLB shootdowns
TLB:    5994319    6531125    6341033    6473281    5808436    5992814    6672862    6186276   TLB shootdowns
TLB:    5994319    6531125    6341033    6473281    5808436    5992814    6672862    6186276   TLB shootdowns
TLB:    5994319    6531125    6341033    6473281    5808436    5992814    6672862    6186276   TLB shootdowns
TLB:    5994319    6531125    6341033    6473281    5808436    5992814    6672862    6186276   TLB shootdowns
TLB:    5994319    6531125    6341033    6473281    5808436    5992814    6672862    6186276   TLB shootdowns
TLB:    5994319    6531125    6341033    6473281    5808436    5992814    6672862    6186276   TLB shootdowns
TLB:    5994319    6531125    6341033    6473281    5808436    5992814    6672862    6186276   TLB shootdowns
TLB:    5994319    6531125    6341033    6473281    5808436    5992814    6672862    6186276   TLB shootdowns
TLB:    5994319    6531125    6341033    6473281    5808436    5992814    6672862    6186276   TLB shootdowns
TLB:    5994319    6531125    6341033    6473281    5808436    5992814    6672862    6186276   TLB shootdowns
TLB:    5994319    6531125    6341033    6473281    5808436    5992814    6672862    6186276   TLB shootdowns
TLB:    5994319    6531125    6341033    6473281    5808436    5992814    6672862    6186276   TLB shootdowns
TLB:    5994319    6531125    6341033    6473281    5808436    5992814    6672862    6186276   TLB shootdowns
TLB:    5994319    6531125    6341033    6473281    5808436    5992814    6672862    6186276   TLB shootdowns
TLB:    5994319    6531125    6341033    6473281    5808436    5992814    6672862    6186276   TLB shootdowns
TLB:    5994319    6531125    6341033    6473281    5808436    5992814    6672862    6186276   TLB shootdowns
TLB:    5994319    6531125    6341033    6473281    5808436    5992814    6672862    6186276   TLB shootdowns
TLB:    5994319    6531125    6341033    6473281    5808436    5992814    6672862    6186276   TLB shootdowns
TLB:    5994319    6531125    6341033    6473281    5808436    5992814    6672862    6186276   TLB shootdowns
TLB:    5994319    6531125    6341033    6473281    5808436    5992814    6672862    6186276   TLB shootdowns
TLB:    5994319    6531125    6341033    6473281    5808436    5992814    6672862    6186276   TLB shootdowns
TLB:    5994319    6531125    6341033    6473281    5808436    5992814    6672862    6186276   TLB shootdowns
TLB:    5994319    6531125    6341033    6473281    5808436    5992814    6672862    6186276   TLB shootdowns
TLB:    5994319    6531125    6341033    6473281    5808436    5992814    6672862    6186276   TLB shootdowns
TLB:    5994319    6531125    6341033    6473281    5808436    5992814    6672862    6186276   TLB shootdowns
TLB:    5994319    6531125    6341033    6473281    5808436    5992814    6672862    6186276   TLB shootdowns
TLB:    5994319    6531130    6341033    6473281    5808438    5992818    6672862    6186280   TLB shootdowns
TLB:    5994319    6531130    6341033    6473281    5808438    5992818    6672862    6186280   TLB shootdowns
TLB:    5994319    6531130    6341033    6473281    5808438    5992818    6672862    6186280   TLB shootdowns
TLB:    5994319    6531130    6341033    6473281    5808439    5992818    6672862    6186280   TLB shootdowns
TLB:    5994319    6531130    6341033    6473281    5808439    5992818    6672862    6186280   TLB shootdowns
TLB:    5994319    6531130    6341033    6473281    5808439    5992818    6672862    6186280   TLB shootdowns
TLB:    5994319    6531130    6341033    6473281    5808439    5992818    6672862    6186280   TLB shootdowns
TLB:    5994319    6531130    6341033    6473281    5808439    5992818    6672862    6186280   TLB shootdowns
TLB:    5994319    6531130    6341033    6473281    5808439    5992818    6672862    6186280   TLB shootdowns
TLB:    5994319    6531130    6341033    6473281    5808439    5992818    6672862    6186280   TLB shootdowns
TLB:    5994319    6531130    6341033    6473281    5808439    5992828    6672862    6186280   TLB shootdowns
TLB:    5994319    6531130    6341033    6473281    5808439    5992828    6672862    6186280   TLB shootdowns
TLB:    5994319    6531130    6341033    6473281    5808439    5992828    6672862    6186280   TLB shootdowns
TLB:    5994319    6531130    6341033    6473281    5808439    5992828    6672862    6186280   TLB shootdowns
TLB:    5994319    6531130    6341033    6473281    5808439    5992828    6672862    6186280   TLB shootdowns
TLB:    5994319    6531130    6341033    6473281    5808439    5992828    6672862    6186280   TLB shootdowns
TLB:    5994319    6531130    6341033    6473281    5808439    5992828    6672862    6186280   TLB shootdowns
TLB:    5994319    6531130    6341033    6473281    5808439    5992828    6672862    6186280   TLB shootdowns
TLB:    5994319    6531130    6341033    6473281    5808439    5992828    6672862    6186280   TLB shootdowns
TLB:    5994319    6531130    6341033    6473281    5808439    5992828    6672862    6186280   TLB shootdowns
TLB:    5994319    6531130    6341033    6473281    5808439    5992828    6672862    6186280   TLB shootdowns
TLB:    5994319    6531130    6341033    6473281    5808439    5992828    6672862    6186280   TLB shootdowns
TLB:    5994319    6531130    6341033    6473281    5808439    5992828    6672862    6186280   TLB shootdowns
TLB:    5994319    6531130    6341033    6473281    5808439    5992828    6672862    6186280   TLB shootdowns
