TLB:       1562       1376       1980       1719       1803       1964       1729       1529   TLB shootdowns
TLB:       1562       1376       1980       1719       1803       1964       1729       1531   TLB shootdowns
TLB:      11168      12154      20987      24778      11752      16817      32764      11730   TLB shootdowns
TLB:      58849      58777      67857      85828      64749      75120     153561      65618   TLB shootdowns
TLB:     162615     101190     118551     124878     145933     116516     229088     103021   TLB shootdowns
TLB:     281241     141428     231252     165079     189440     163393     282298     148994   TLB shootdowns
TLB:     337297     186427     288059     214548     312560     210232     396770     203586   TLB shootdowns
TLB:     379854     235238     354497     263906     427332     263423     441673     324081   TLB shootdowns
TLB:     433811     281936     401743     313498     559766     309844     492158     456951   TLB shootdowns
TLB:     474545     350152     453588     413974     607023     344115     539218     531303   TLB shootdowns
TLB:     517544     397106     500990     504043     723931     387085     592096     577059   TLB shootdowns
TLB:     573638     493792     627852     565108     774911     447906     636914     620927   TLB shootdowns
TLB:     637510     541953     688087     664021     829816     518080     694589     667180   TLB shootdowns
TLB:     690213     590000     732730     786043     879905     564989     824238     713641   TLB shootdowns
TLB:     757377     637930     783293     913503     928916     634162     885251     762652   TLB shootdowns
TLB:     817188     687027     829394    1026248     975044     690464     935477     857884   TLB shootdowns
TLB:     866319     785692     861804    1057538    1007409     723260     998522     951978   TLB shootdowns
TLB:     911734     831948     906760    1116126    1063064     846409    1073271    1008087   TLB shootdowns
TLB:     952719     900779    1006355    1157078    1110191     889803    1198699    1063292   TLB shootdowns
TLB:    1007487     950694    1139108    1201867    1160201     935214    1332017    1111730   TLB shootdowns
TLB:    1048317     991335    1193338    1250390    1279958     975735    1452461    1157159   TLB shootdowns
TLB:    1174566    1056551    1261230    1300273    1324243    1027089    1511856    1205001   TLB shootdowns
TLB:    1223810    1123360    1313581    1346895    1368847    1092937    1627527    1261397   TLB shootdowns
TLB:    1259553    1190182    1343221    1390607    1406457    1194974    1721389    1294309   TLB shootdowns
TLB:    1302822    1236233    1400905    1434571    1454242    1319911    1840614    1337296   TLB shootdowns
TLB:    1375733    1361409    1450688    1506201    1505037    1364621    1891765    1383997   TLB shootdowns
TLB:    1417811    1484112    1560038    1552987    1555558    1406208    1940530    1441580   TLB shootdowns
TLB:    1473685    1586044    1657929    1593961    1591865    1460248    1972886    1476141   TLB shootdowns
TLB:    1515330    1639099    1736665    1700928    1662024    1507604    2013383    1510983   TLB shootdowns
TLB:    1569115    1687016    1789724    1824493    1715396    1561657    2079551    1562001   TLB shootdowns
TLB:    1622888    1748561    1840055    1920757    1775938    1618672    2142813    1611937   TLB shootdowns
TLB:    1656045    1837737    1885579    2010551    1811175    1716772    2176726    1642820   TLB shootdowns
TLB:    1710659    1880350    1931181    2063341    1862583    1832926    2229150    1726393   TLB shootdowns
TLB:    1762911    1927198    1987127    2185326    1929518    1876601    2279495    1781119   TLB shootdowns
TLB:    1884920    2013889    2042232    2252619    1973876    1942123    2323902    1823051   TLB shootdowns
TLB:    1929443    2064834    2095988    2324016    2078098    2012369    2377485    1877925   TLB shootdowns
TLB:    1981179    2110027    2152906    2374248    2200179    2085191    2431488    1927889   TLB shootdowns
TLB:    2026071    2177772    2267876    2417764    2247590    2150017    2475964    2037745   TLB shootdowns
TLB:    2110073    2232673    2318950    2474183    2294972    2266118    2523412    2095513   TLB shootdowns
TLB:    2179080    2279014    2380658    2523288    2343558    2319530    2588422    2210498   TLB shootdowns
TLB:    2242829    2332902    2425343    2638219    2390482    2372564    2647027    2268440   TLB shootdowns
TLB:    2360506    2375228    2463047    2747038    2440373    2410253    2704166    2306272   TLB shootdowns
TLB:    2410581    2412083    2497950    2781191    2546670    2470013    2761592    2387067   TLB shootdowns
TLB:    2459004    2458243    2541530    2834511    2673700    2523259    2863355    2435949   TLB shootdowns
TLB:    2519669    2519079    2631848    2896039    2726905    2571241    2930808    2490870   TLB shootdowns
TLB:    2570738    2583822    2678549    2953232    2833934    2626423    2979782    2563812   TLB shootdowns
TLB:    2612707    2705693    2726453    2994952    2882696    2668289    3032205    2684700   TLB shootdowns
TLB:    2652776    2822700    2766486    3107235    2933376    2720438    3088217    2720742   TLB shootdowns
TLB:    2708082    2900819    2800103    3138464    2970464    2792682    3186062    2755367   TLB shootdowns
TLB:    2753514    2940605    2844871    3183693    3015268    2911430    3287043    2807619   TLB shootdowns
TLB:    2794943    2986818    2902582    3255946    3094636    2990316    3336355    2849959   TLB shootdowns
TLB:    2826183    3014528    2998003    3351366    3124842    3067423    3364572    2879425   TLB shootdowns
TLB:    2868423    3073091    3112899    3471021    3165305    3105276    3405305    2918044   TLB shootdowns
TLB:    2902239    3177666    3150694    3575589    3199445    3190539    3438280    2949206   TLB shootdowns
TLB:    2938406    3271726    3193150    3670377    3244638    3234239    3519412    2984912   TLB shootdowns
TLB:    2987473    3318659    3259130    3749315    3292902    3286025    3642492    3027399   TLB shootdowns
TLB:    3060032    3364462    3306923    3852965    3360117    3361784    3689176    3107957   TLB shootdowns
TLB:    3116704    3414809    3354414    3904169    3409288    3473498    3740048    3240957   TLB shootdowns
TLB:    3189836    3459872    3401416    3986904    3458717    3547331    3788568    3340807   TLB shootdowns
TLB:    3237372    3503975    3471044    4090224    3507160    3592477    3888170    3417676   TLB shootdowns
TLB:    3314278    3599165    3566570    4146893    3551024    3635942    3928115    3463696   TLB shootdowns
TLB:    3361878    3683297    3668590    4184473    3616155    3690236    3977449    3510814   TLB shootdowns
TLB:    3404360    3776512    3768012    4228978    3661065    3782224    4051804    3555329   TLB shootdowns
TLB:    3454048    3839398    3853663    4268338    3702598    3826385    4170042    3621881   TLB shootdowns
TLB:    3488225    3940703    3890766    4352594    3762322    3886471    4218753    3657738   TLB shootdowns
TLB:    3525197    4039611    3950739    4383774    3838404    3918381    4252072    3746827   TLB shootdowns
TLB:    3599770    4155021    4037099    4420597    3878005    3987239    4293302    3789469   TLB shootdowns
TLB:    3720294    4201353    4134859    4467732    3933958    4032376    4335283    3849380   TLB shootdowns
TLB:    3800079    4243109    4195015    4511123    3976510    4128461    4404940    3899903   TLB shootdowns
TLB:    3861888    4281711    4231067    4576734    4015167    4212008    4515397    3937264   TLB shootdowns
TLB:    3895560    4331376    4266434    4676865    4054946    4244017    4599228    4010808   TLB shootdowns
TLB:    3940042    4406967    4343734    4714999    4144044    4295870    4636326    4096297   TLB shootdowns
TLB:    3985625    4535666    4396487    4761844    4241928    4380528    4681310    4142657   TLB shootdowns
TLB:    4029182    4658726    4478961    4803805    4299451    4471174    4724289    4187412   TLB shootdowns
TLB:    4069063    4782018    4584529    4855871    4340668    4513636    4777072    4262295   TLB shootdowns
TLB:    4109580    4857893    4640508    4891913    4386552    4548805    4858637    4366406   TLB shootdowns
TLB:    4166638    4924755    4747192    4933173    4424492    4592285    4936022    4409576   TLB shootdowns
TLB:    4205480    4967167    4849009    5016465    4468426    4633463    4987355    4482605   TLB shootdowns
TLB:    4274266    4998541    4882617    5112361    4526109    4666026    5026055    4588564   TLB shootdowns
TLB:    4385972    5042898    4966826    5156350    4573074    4710187    5070601    4667404   TLB shootdowns
TLB:    4429483    5105735    5058233    5199895    4619708    4768521    5175521    4716526   TLB shootdowns
TLB:    4473218    5201891    5106122    5255984    4665361    4822082    5260466    4808126   TLB shootdowns
TLB:    4565586    5248519    5155351    5299680    4711219    4906281    5310961    4939390   TLB shootdowns
TLB:    4692192    5297508    5203393    5349385    4754646    4952160    5358853    5046052   TLB shootdowns
TLB:    4813786    5343256    5284507    5401460    4803940    5003570    5404855    5094058   TLB shootdowns
TLB:    4896258    5392606    5333363    5447804    4881602    5106255    5453987    5140307   TLB shootdowns
TLB:    4992742    5452275    5387739    5494213    4929611    5160812    5525637    5232224   TLB shootdowns
TLB:    5121979    5507116    5432272    5538113    4975254    5205025    5619406    5321152   TLB shootdowns
TLB:    5219165    5587082    5481998    5581902    5021306    5256461    5706568    5387187   TLB shootdowns
TLB:    5326975    5638851    5538797    5658566    5072084    5305489    5765538    5438388   TLB shootdowns
TLB:    5407402    5729261    5584000    5708256    5133015    5356098    5813560    5515097   TLB shootdowns
TLB:    5444763    5839771    5652186    5760197    5172402    5390803    5887591    5559883   TLB shootdowns
TLB:    5517315    5931335    5686851    5819974    5215214    5421528    5970487    5593697   TLB shootdowns
TLB:    5598608    5984190    5726939    5866077    5259833    5461438    6083654    5661505   TLB shootdowns
TLB:    5646061    6035944    5833529    5917127    5305456    5515625    6212825    5709988   TLB shootdowns
TLB:    5683608    6075356    5905028    6001430    5346669    5585676    6330351    5762386   TLB shootdowns
TLB:    5727756    6169450    5947621    6125930    5389097    5625192    6402295    5836320   TLB shootdowns
TLB:    5761234    6271692    5983632    6234199    5462663    5667584    6439617    5878986   TLB shootdowns
TLB:    5819021    6341973    6047279    6308207    5507376    5714047    6486672    5946296   TLB shootdowns
TLB:    5865594    6412846    6143899    6353874    5580703    5769086    6537982    6014499   TLB shootdowns
TLB:    5916445    6456921    6201021    6400755    5702436    5869109    6591421    6065189   TLB shootdowns
TLB:    5950579    6491031    6297783    6433910    5767333    5948980    6630622    6133788   TLB shootdowns
TLB:    5950579    6491031    6297783    6433910    5767333    5948980    6630622    6133788   TLB shootdowns
TLB:    5950579    6491031    6297783    6433910    5767333    5948980    6630622    6133788   TLB shootdowns
TLB:    5950579    6491031    6297783    6433910    5767333    5948980    6630622    6133788   TLB shootdowns
TLB:    5950579    6491031    6297783    6433910    5767333    5948980    6630622    6133788   TLB shootdowns
TLB:    5950579    6491031    6297783    6433910    5767333    5948980    6630622    6133788   TLB shootdowns
TLB:    5950579    6491031    6297783    6433910    5767333    5948980    6630622    6133788   TLB shootdowns
